mmsi
244810702
224101950
231157000
224014890
261001310
666111888
237511000
316004831
224248790
259438000
219005901
251094110
228285000
201539399
238007640
257965050
367653970
220338000
235009060
366549190
416244800
219001588
224080370
251796840
235103741
257150120
316001821
257157120
257260020
211607000
251222340
416002682
273894010
416001436
227319430
251505640
250140400
257074540
431600870
247147290
231188000
251527110
416121600
366996930
204204780
272323000
224086740
416008860
247082320
205328000
205320000
204206750
205191000
701000642
224020390
247094080
416004241
257311420
345882696
227844000
431722000
235094798
235000891
617045000
367153430
441812000
247070590
273550500
257115500
366831470
224056960
512236000
601705000
257154900
431601398
367452850
416004854
224103720
227317410
238769140
247050810
416003854
219005968
224013050
251415340
257196340
431795000
250003367
247070660
247104160
441072000
224020990
431303000
367411970
227316320
416021339
224137550
258224000
431001637
251115540
249000980
227141900
273410900
227321380
250093000
259350000
271073083
367561420
257695700
431200060
235028482
248000771
251346940
265785000
259324000
246338000
228301600
257271220
219013539
251831110
238771340
234013000
257168800
263414850
416081500
303648000
247143330
227563620
503664100
251039110
368543000
503710900
257195620
416001356
416002477
432353000
247031620
247081150
760000150
367331330
250000399
263406260
227945000
367557840
264262085
250003013
432586000
533191207
231134000
225982950
416035610
224082140
273414800
247100320
367112630
224369000
219002047
760010399
257156120
271056019
257348620
366954490
416006193
416004399
237562000
224105760
205316000
247141910
257122120
259253000
235096094
261010640
224094520
257457920
316004727
416119800
419002557
338187545
224168000
257154220
271073069
225909850
416002508
261000720
338168996
258084000
503400000
257054740
367143320
224313390
533190704
740344000
240632000
244060176
257441420
205345000
224104970
232004057
258216000
271062017
251840270
367424880
760001020
760013012
257801500
258637000
416000029
257178940
227419000
220329000
367494020
257811700
701000652
261005080
271062062
440233000
576394000
237168000
316009519
601016000
224014490
367107030
218066000
237220000
247300760
227401000
263531000
224141970
367674750
529469000
275053000
735057638
366900670
251363740
251389840
257979500
553111754
367389120
338115278
228947000
244779000
230996190
263407860
416002066
277519000
265609380
224094770
440332270
701000672
668066698
