mmsi
257430820
367037960
416001447
247084040
251313340
419950006
226267000
257167800
257405500
238791540
512002695
367650000
416458592
247147010
257676700
503668900
416000678
710040842
259758000
529440000
224075480
338184102
440601030
441769000
257938500
367002510
367623510
257732500
257340520
416000154
251800840
431002327
345080030
265656780
266161000
242138100
240105000
227316550
224088370
432045000
235098054
257505700
440151080
224168930
367651850
273350120
230941650
525010273
247143410
664000023
226095000
247053420
247056570
224252450
257212340
770576123
219002157
261001200
416333000
237805000
466515920
701031000
345903504
367609850
211272400
419950004
367101060
247140360
247092870
224619000
235031829
224085560
250002836
577174000
224010590
419002702
232007700
228133900
219001204
224000390
466513940
257216500
247083560
440111540
273894400
369174000
219799000
247250630
272095500
263500177
257463500
227311000
258265000
275062000
247300930
259713000
238790840
227318120
601172000
263576000
273555500
367705000
273517900
271062104
235103000
271072023
247301080
271072551
251544000
416201800
428000120
271072252
224011260
345080028
247051860
205162000
235100821
316021004
770576080
235090415
366934000
224101860
246014000
224050450
701000583
416004256
232326000
237318000
710000021
257126040
440115630
431602750
224182930
259655000
701042000
247102410
251597110
431798000
251845840
224221190
431001638
271062037
261025910
259653000
257003700
510041000
247030620
432438000
257175440
466515810
227317040
271072583
533190236
211593750
257825500
366218620
503711300
257175620
257475120
441038000
257506600
601554000
238469840
416242900
244938000
251110840
271062093
251486440
273347910
247051980
251159110
432848000
247120130
235109805
367687850
240368000
232007390
257432500
266306000
634999920
275127000
257018640
316001726
227300000
211506000
250350000
219010487
276388000
760000006
266302000
367387050
366444090
273242100
367680570
257044640
251184740
211481397
224015520
257198440
416091600
416004903
271072387
257310640
770005708
440807000
257069440
432987000
227876000
263237000
227513000
204265000
224054180
251361840
416889000
416002117
247083320
204815000
251375240
525021095
422120515
441584000
224094160
770576122
271069029
416768000
627179000
257809500
219001703
224618000
227314040
345905874
257599500
247092330
224144590
416445678
224046790
228070800
235092375
669988888
259434000
238880340
263500212
533190479
271043430
257199600
224022920
259623000
257059240
247103060
224055790
